4867 
4868 > 2016-10-23 15:48:15    11773         : address[FFB83B38] size[193]
4869 [01]:  30 31 31 30 A2 3C 00 81  82 C1 04 00 00 00 00 00  :0110.<..........
4870 [02]:  00 00 00 01 33 31 30 30  30 30 31 30 32 33 31 35  :....310000102315
4871 [03]:  34 36 34 38 30 30 30 30  33 33 31 35 34 36 34 38  :4648000033154648
4872 [04]:  31 30 32 33 39 39 31 32  39 32 30 38 44 30 30 30  :102399129208D000
4873 [05]:  30 32 30 31 30 38 44 30  30 30 30 32 30 31 42 32  :020108D0000201B2
4874 [06]:  35 31 33 38 31 38 39 36  31 30 33 34 34 30 31 34  :5138189610344014
4875 [07]:  39 30 30 30 30 37 33 30  33 36 5A 5A 44 54 30 32  :9000073036ZZDT02
4876 [08]:  38 5B 32 30 30 37 5D B4  CB C8 CB B2 BB B4 E6 D4  :8[2007].........
4877 [09]:  DA B8 F6 C8 CB BB F9 B1  BE D0 C5 CF A2 23 30 34  :.............#04
4878 [10]:  30 30 2E 30 30 00 00 00  00 00 00 00 00 00 00 00  :00.00...........
4879 [11]:  00 00 00 00 00 00 00 00  00 00 00 00 00 00 00 00  :................
4880 [12]:  00 00 00 00 00 00 00 00  00 31 45 45 39 46 38 33  :.........1EE9F83
4881 [13]:  32                                                :2
4882 
4883 > 2016-10-23 15:48:40    11781         : address[FFB83B38] size[231]
4884 [01]:  30 31 30 30 A2 38 04 81  88 E1 00 00 00 00 00 00  :0100.8..........
4885 [02]:  00 00 00 01 33 31 30 30  30 30 31 30 32 33 31 35  :....310000102315
4886 [03]:  34 37 31 36 30 30 30 30  35 37 31 35 34 37 31 36  :4716000057154716
4887 [04]:  31 30 32 33 30 30 32 39  32 30 38 44 30 30 30 30  :10230029208D0000
4888 [05]:  32 30 31 30 38 44 30 30  30 30 32 30 31 30 30 30  :20108D0000201000
4889 [06]:  30 30 30 30 30 30 30 35  37 35 31 33 38 31 39 34  :0000000575138194
4890 [07]:  30 31 30 33 34 34 30 31  34 39 30 30 30 30 37 33  :0103440149000073
4891 [08]:  30 30 30 30 30 30 30 30  30 30 30 30 30 30 30 30  :0000000000000000
